rappture/examples/Example_1.asc
ncols 278
nrows 345
xllcorner  499921.125
yllcorner  4174920.75
cellsize 15.0
NODATA_value -9999
[rows 225 to 249 of 345, columns 171 to 227 of 278]
1739.19495 1737.41699 1734.84900 1734.03601 1733.72998 1732.17395 1731.90100 1728.69800 1725.20996 1721.99097 1719.37805 1716.66797 1714.56201 1712.53003 1712.70703 1711.99097 1710.55298 1708.18005 1706.35303 1705.57300 1703.83801 1702.01794 1700.28699 1699.01697 1697.95801 1696.32397 1694.22205 1691.66199 1688.44104 1684.02502 1679.40503 1675.81299 1672.35303 1668.99500 1666.78699 1665.96802 1665.42700 1663.11804 1661.06104 1658.32605 1656.03601 1653.80103 1650.93604 1647.90906 1643.52795 1638.51794 1633.96399 1629.76904 1627.44995 1624.74194 1621.10999 1617.56006 1615.24695 1614.67395 1612.97705 1610.91797 1609.87097
1878.09302 1877.38501 1874.99402 1870.29504 1863.29004 1857.94104 1855.15906 1851.79895 1849.45496 1848.05505 1846.07202 1845.39197 1845.97595 1846.15405 1845.06995 1841.73706 1841.24194 1839.94800 1838.03406 1834.45898 1831.54602 1830.48401 1828.72803 1826.55298 1824.77600 1822.82605 1820.17896 1814.10706 1808.00598 1804.18201 1802.26794 1801.75305 1800.63000 1798.35706 1796.90906 1794.68506 1792.18201 1790.06702 1787.90796 1785.48401 1782.43506 1778.83496 1776.16003 1773.64404 1770.78601 1768.06995 1766.07397 1764.11096 1765.31104 1764.67395 1761.28894 1758.87402 1757.36804 1754.48804 1752.54102 1751.69995 1748.93896
2186.26099 2181.69409 2177.61304 2174.74805 2171.40210 2167.74902 2163.46094 2158.75098 2153.98608 2148.31201 2143.24097 2138.84790 2134.12109 2129.85889 2126.47290 2122.03711 2117.07690 2112.36206 2107.69092 2102.01709 2096.85889 2090.07007 2084.47412 2078.70801 2071.66895 2063.62109 2056.80200 2050.93408 2043.99805 2038.52600 2033.34094 2028.23804 2021.35999 2014.00403 2006.43701 1999.52502 1993.83496 1989.56995 1986.68799 1982.88098 1976.94299 1969.33496 1962.10999 1954.68005 1945.81494 1938.61902 1931.93799 1926.98499 1923.23206 1920.86499 1919.23499 1918.11096 1917.23096 1915.31201 1913.65002 1912.59705 1909.56897
2649.48511 2639.72705 2629.18408 2618.43188 2607.70508 2597.29004 2587.48901 2577.97412 2568.96094 2559.89795 2550.73291 2541.66089 2532.48999 2523.30591 2514.90503 2506.02393 2497.36694 2488.43701 2479.06006 2470.05200 2461.17603 2452.31689 2443.83911 2434.82397 2426.05103 2417.60596 2408.48511 2399.42505 2390.87891 2384.26001 2378.14697 2372.73999 2366.37305 2357.94995 2349.24707 2340.72095 2334.12109 2328.05200 2322.94189 2317.95508 2312.36206 2306.29712 2298.08105 2289.28711 2281.11401 2273.31396 2265.75903 2259.23096 2253.18701 2246.06201 2241.37988 2236.43311 2231.75098 2229.60498 2227.33594 2224.03101 2220.56494
2947.23291 2950.26294 2952.38696 2950.66699 2947.77100 2941.47607 2934.42603 2927.15894 2919.92505 2912.48804 2905.46899 2898.88403 2892.59912 2886.00293 2879.56201 2872.91089 2866.73999 2860.52710 2856.28589 2855.25195 2854.60400 2853.61597 2850.57788 2846.66699 2843.40601 2840.40308 2836.84009 2835.22900 2832.56812 2830.65308 2828.24512 2825.18188 2821.33203 2818.59204 2816.93896 2814.11206 2811.15210 2808.28809 2805.29199 2802.29102 2798.37109 2796.47705 2794.23608 2791.79297 2790.63403 2788.82910 2788.05688 2787.07495 2785.53394 2782.01001 2777.07788 2772.42310 2767.16992 2762.89697 2759.23706 2753.04004 2742.68799
1709.72498 1704.07104 1699.87805 1697.85706 1695.91101 1694.38904 1693.04395 1692.53406 1692.51196 1693.06995 1690.12000 1688.91602 1689.60205 1689.27405 1689.42700 1689.06799 1687.93103 1685.91003 1684.19299 1683.00806 1681.12598 1677.99805 1673.44702 1669.71997 1666.48901 1663.82996 1662.15503 1659.30701 1655.57202 1652.51294 1649.83606 1646.75098 1644.18005 1642.23999 1640.84204 1637.85205 1635.49902 1631.81396 1628.37305 1625.08105 1622.81396 1620.28796 1617.85205 1615.85901 1614.33301 1612.17297 1610.75305 1608.83801 1606.45496 1603.59900 1600.59802 1597.12305 1593.69702 1590.16101 1586.48901 1582.21997 1577.44495
1837.68201 1835.55200 1831.88599 1828.58203 1828.36694 1829.33997 1827.99500 1827.33997 1826.58203 1823.78601 1820.26904 1818.29102 1813.78894 1810.56799 1808.36096 1806.11096 1803.43701 1801.25500 1799.74597 1796.48901 1792.84302 1788.51697 1784.98706 1782.52600 1779.82996 1779.28406 1778.41895 1777.62195 1775.81995 1771.81396 1768.71899 1768.17505 1765.67798 1763.00903 1760.69800 1758.65198 1755.75000 1752.77197 1750.72400 1749.54395 1749.34204 1748.25000 1747.23706 1745.01599 1742.92004 1739.56201 1736.95703 1738.10999 1737.87402 1737.36304 1737.06006 1737.03503 1736.18799 1735.83606 1734.80701 1732.32495 1730.04199
2128.62109 2123.18506 2120.51709 2116.55103 2112.68506 2111.69800 2110.20801 2107.24390 2104.13208 2099.30688 2094.11499 2088.56104 2080.19702 2073.38403 2067.10205 2060.22510 2053.18091 2046.77600 2041.06396 2034.90100 2027.13501 2018.80505 2011.90198 2005.01404 1998.82703 1992.10803 1985.75098 1979.86694 1973.83899 1966.78003 1960.47205 1953.70300 1946.36694 1939.03003 1932.38000 1926.58105 1920.63904 1915.81396 1910.72205 1907.44800 1903.69604 1901.13306 1899.96106 1898.76501 1899.57202 1901.05005 1901.64001 1895.88000 1889.01697 1882.86902 1876.77197 1871.40002 1864.85803 1858.31006 1854.41296 1854.03601 1856.46399
2556.93311 2547.44092 2538.39111 2529.25391 2520.16406 2511.27905 2502.73901 2494.43604 2485.64697 2476.73804 2467.94604 2458.94995 2450.09790 2441.36694 2432.51904 2423.19604 2413.81201 2404.36011 2395.55200 2386.72900 2377.40796 2367.93896 2359.00488 2350.27808 2341.26099 2333.37109 2326.00391 2318.74902 2311.79297 2304.48901 2297.40601 2290.18408 2282.69897 2275.61694 2268.19995 2260.06812 2251.77588 2243.95093 2236.98608 2230.80200 2226.35889 2221.82007 2215.93604 2212.42090 2212.96289 2210.79590 2206.84595 2205.54492 2202.52490 2199.77393 2197.25195 2194.18188 2187.99609 2183.46606 2180.84497 2177.84692 2174.09912
2886.39209 2878.85205 2871.40991 2864.42603 2857.88208 2851.37695 2845.58203 2841.66699 2841.01294 2839.81592 2839.47607 2839.08789 2836.75488 2833.36499 2830.23804 2828.42310 2826.69897 2825.03394 2821.52905 2817.87891 2814.99805 2812.76196 2809.82300 2807.13110 2803.56396 2799.97607 2796.48291 2793.89111 2792.46704 2790.85205 2787.90601 2785.07300 2782.22803 2780.16602 2779.12012 2778.42896 2776.25098 2773.97510 2772.81812 2771.32300 2770.44702 2767.75195 2764.54297 2761.04810 2758.21289 2755.84790 2746.39600 2733.69604 2724.75391 2715.31592 2706.63306 2697.04395 2689.03711 2681.40088 2674.18701 2667.03711 2659.59009
1683.02502 1683.37500 1680.76599 1678.28894 1677.66602 1678.02905 1679.40601 1677.90906 1676.29102 1674.79102 1670.74194 1668.73999 1668.41602 1666.64001 1662.74902 1658.79102 1654.76599 1652.75598 1651.25500 1649.96497 1646.49597 1642.02100 1638.61597 1636.26001 1634.63501 1633.16199 1631.20496 1629.33301 1627.23401 1625.29895 1622.37695 1620.11401 1618.06799 1615.77295 1613.82898 1611.75000 1610.30298 1607.14502 1604.05298 1602.32495 1600.51501 1598.15698 1594.60596 1591.96594 1589.11206 1586.63904 1581.64600 1576.82300 1572.87598 2884.17310 2893.34595 2903.54004 2912.05200 2918.23511 2917.64111 2915.25806 2916.54492
1803.72205 1802.22400 1799.66699 1797.65698 1795.13501 1790.65796 1786.89294 1785.24304 1783.28894 1781.81299 1780.50098 1779.80200 1778.17102 1774.30200 1770.54004 1766.14294 1764.12195 1764.35803 1763.17395 1761.15601 1758.55103 1753.18896 1747.69202 1747.60303 1749.35095 1749.12805 1745.61694 1741.48401 1741.65796 1741.24402 1739.76099 1738.43103 1737.53198 1735.46399 1734.31494 1732.75098 1729.03296 1726.07397 1726.89099 1725.63403 1724.85095 1726.59802 1725.59497 1724.19604 1723.19495 1719.79602 1713.99805 1711.40405 1713.01904 1714.60596 1713.97498 1711.80798 1709.47205 1707.45996 1704.11499 1700.97400 1699.77295
2086.05493 2082.41797 2076.92090 2069.09302 2060.50903 2053.63501 2047.82703 2040.36096 2033.63196 2027.43005 2020.17200 2012.21204 2004.54700 1997.45300 1989.33997 1981.56995 1974.19897 1966.77905 1960.07397 1953.59900 1946.54895 1939.46301 1931.63794 1923.89795 1916.13904 1907.85999 1901.37195 1897.25903 1895.84204 1894.32397 1890.19495 1885.80103 1883.00403 1879.55005 1879.68396 1880.73999 1881.73303 1883.91699 1885.76099 1886.95203 1887.26599 1887.34302 1885.22595 1881.30603 1877.40601 1874.41101 1870.97705 1866.44104 1861.29797 1855.63098 1849.32605 1842.74304 1835.69299 1829.41394 1824.24097 1820.64001 1817.17603
2467.55200 2459.22607 2451.03809 2442.26392 2433.70093 2425.51489 2416.92993 2408.20093 2399.17700 2389.29102 2379.54590 2369.80908 2359.92993 2350.34692 2340.44409 2330.95605 2321.75195 2313.00195 2303.92603 2295.04297 2286.35107 2278.14502 2269.61694 2262.44604 2255.28711 2248.91895 2241.28589 2232.67896 2224.86206 2216.62891 2209.96509 2203.83789 2199.28491 2196.22290 2193.41797 2191.19800 2189.80005 2190.70288 2186.71704 2183.00391 2180.64697 2179.07788 2176.59912 2172.32300 2167.09497 2162.04590 2157.25195 2153.26099 2151.09009 2148.34106 2143.25391 2137.01294 2133.87891 2130.31812 2126.22192 2123.10303 2119.93799
2824.64990 2822.76392 2822.15601 2820.70410 2818.51196 2816.35303 2813.62891 2811.96606 2810.63403 2809.62988 2807.78906 2804.64307 2801.96509 2799.07202 2796.11401 2793.04810 2790.20288 2786.87305 2783.27002 2780.70190 2777.59399 2774.67407 2771.72412 2770.35596 2768.79395 2767.05688 2765.96704 2764.81909 2762.63794 2761.54395 2761.33594 2759.14111 2756.89404 2755.13794 2754.49390 2753.21802 2748.12402 2739.33203 2730.94800 2723.45190 2715.70288 2707.55005 2699.87012 2692.28491 2684.97290 2677.48096 2670.07910 2662.54199 2654.09302 2644.69312 2635.44092 2624.98999 2614.00708 2602.65698 2591.97803 2581.11792 2570.68701
1663.79504 1662.11401 1659.95898 1659.04102 1658.38196 1657.62097 1657.53601 1653.45300 1648.50806 1645.19202 1641.98596 1639.62598 1637.69604 1634.81494 1631.92395 1628.35498 1625.43799 1623.11597 1621.47705 1619.38306 1617.77698 1616.17700 1614.22705 1612.19495 1608.92505 1605.63403 1604.00806 1603.54700 1602.05200 1600.64600 1598.89697 1595.88403 1591.83203 1587.13696 1583.33301 1579.48096 1575.28601 1571.22302 1565.85095 2884.05493 2892.47900 2901.19092 2908.47192 2909.72290 2903.31299 2895.86792 2887.19409 2887.91699 2893.77295 2899.87402 2909.75098 2915.06299 2919.68091 2918.05200 2909.55396 2901.10498 2891.81299
1767.82397 1767.32397 1767.29504 1767.81494 1766.23901 1761.66394 1755.40601 1750.80005 1748.69397 1747.60596 1746.97302 1745.39099 1741.00403 1735.75500 1736.76501 1737.81702 1737.98596 1735.53296 1730.81995 1730.44104 1729.84399 1728.98901 1729.34998 1726.93799 1723.80896 1721.07605 1720.04504 1718.57104 1715.16296 1714.71899 1715.36694 1713.93298 1712.81396 1711.79199 1710.60999 1709.31006 1707.58398 1707.36499 1703.86401 1703.89905 1703.93604 1703.32202 1701.85706 1700.32104 1698.19604 1694.53101 1692.76404 1690.19299 1687.31897 1682.78796 1677.98303 1673.68701 1670.79199 1669.41394 1669.59204 1670.19604 1669.92395
2011.88794 2005.35596 1997.91003 1991.00305 1984.89099 1977.04895 1968.28003 1958.57703 1949.32202 1940.80396 1932.41296 1923.97803 1916.41394 1910.06897 1903.47205 1897.88403 1892.91101 1888.02295 1883.18103 1878.39404 1872.79102 1867.86804 1863.80298 1858.54297 1854.32104 1850.71301 1848.05396 1847.21301 1847.23206 1847.43799 1847.46899 1846.82605 1846.02295 1845.21301 1843.03601 1840.25903 1837.15601 1833.86096 1829.78796 1825.52100 1820.65002 1815.47095 1810.29102 1805.53101 1800.46399 1795.96301 1792.55896 1789.06104 1785.35596 1782.48206 1783.37000 1786.77795 1790.11804 1790.50806 1789.26001 1787.65295 1786.03503
2377.44800 2368.82788 2359.62500 2350.78198 2341.31494 2332.26807 2323.19897 2314.15894 2305.15796 2296.31006 2287.33594 2278.77808 2270.44800 2262.71289 2254.77490 2246.20410 2237.86401 2228.91089 2220.23804 2211.71997 2203.59692 2196.06201 2189.50708 2184.44312 2180.61597 2176.93994 2173.39893 2169.36401 2165.62402 2163.15698 2163.72510 2159.47192 2155.87695 2153.22803 2148.46606 2144.94897 2140.47510 2138.24512 2134.29395 2129.17212 2125.70190 2123.05811 2120.34399 2116.82788 2113.05005 2109.22705 2105.55005 2102.62305 2099.29102 2094.16211 2089.57788 2084.72412 2079.91797 2076.37793 2073.33203 2070.51807 2068.27588
2795.41699 2793.23706 2791.14893 2788.53589 2786.51392 2785.92090 2783.08301 2780.28491 2776.67310 2774.55103 2772.24902 2770.35010 2767.91406 2765.10596 2761.65796 2759.04907 2758.29907 2758.72192 2757.73901 2754.15308 2753.42993 2753.13208 2752.72803 2752.80591 2752.53003 2752.65991 2752.60791 2748.74902 2740.70093 2731.00806 2721.05591 2710.39600 2699.81006 2689.99512 2681.53711 2673.09106 2664.78906 2656.82910 2649.63892 2642.70093 2636.15308 2627.44092 2616.45410 2604.89307 2594.05493 2583.00806 2571.19604 2558.52295 2547.13403 2536.73389 2526.67896 2516.38599 2506.35400 2496.91309 2487.42700 2478.15210 2469.28711
1636.02002 1632.88501 1631.83704 1630.01294 1627.90295 1626.17603 1624.77502 1623.43201 1620.10400 1617.12097 1614.20801 1611.42700 1609.29395 1606.98999 1604.81799 1603.18396 1601.78796 1600.12598 1597.56006 1594.55396 1592.71301 1590.29895 1586.37805 1582.12305 1577.85803 1574.13403 1570.68005 1567.69397 1564.40002 2869.38989 2878.88501 2888.22192 2897.73608 2908.00098 2913.38501 2906.82788 2896.81006 2893.71802 2896.44800 2904.40991 2915.62793 2926.55688 2924.87793 2915.94897 2906.84399 2897.62598 2888.21289 2879.08398 2869.60791 2860.82104 2851.38403 2842.42798 2833.46606 2825.31299 2820.17090 2816.92798 2814.06494
1736.61804 1733.40796 1729.00598 1725.47705 1725.67505 1723.56299 1724.10400 1724.32104 1722.73401 1719.41602 1718.16003 1719.38098 1718.51001 1718.06006 1715.15405 1712.41504 1712.11096 1712.10706 1710.10803 1706.72900 1702.54700 1702.27295 1702.51599 1700.76404 1699.93103 1699.65796 1700.19800 1699.15698 1695.18103 1692.67004 1691.63904 1691.81799 1689.78198 1688.49097 1687.27197 1684.87000 1682.63501 1680.39099 1679.25403 1679.33496 1678.62195 1677.50403 1675.54297 1672.67395 1668.98206 1663.73401 1659.73499 1659.17102 1660.05200 1659.63403 1658.76001 1658.18896 1658.01099 1656.88196 1655.01196 1653.20105 1653.28796
1922.58203 1914.81104 1906.08997 1897.56799 1889.22803 1882.21594 1875.57300 1870.48401 1866.52698 1863.37402 1858.95996 1854.67603 1849.23096 1844.71497 1841.12305 1837.46997 1831.33398 1823.32202 1817.78296 1813.44397 1810.89795 1809.60498 1808.36206 1806.96997 1805.15698 1803.22803 1801.03796 1798.47803 1795.33105 1792.55200 1789.11597 1785.42004 1781.54102 1777.65698 1773.18506 1769.59204 1767.50403 1767.49597 1769.41003 1770.98401 1771.46802 1771.35706 1774.70496 1776.56299 1776.71997 1775.98706 1774.73706 1772.23303 1768.44202 1765.06897 1763.05200 1759.90295 1756.70703 1754.85999 1752.73401 1750.44202 1749.08105
2299.94312 2290.51807 2280.32690 2270.82202 2261.59399 2252.25708 2242.78491 2233.90308 2225.49902 2216.68408 2208.27588 2199.55811 2191.23901 2181.99512 2173.67603 2165.57910 2158.08203 2152.40210 2146.95605 2142.45898 2138.22998 2134.16309 2134.10205 2135.51904 2134.47510 2132.61499 2129.50391 2125.62500 2122.33301 2120.09497 2117.81494 2115.02002 2112.15991 2108.54712 2104.34302 2100.36597 2096.77197 2093.80298 2090.51489 2087.21606 2083.19409 2078.88403 2074.18408 2070.02393 2065.28491 2061.60498 2059.01001 2054.72192 2050.44312 2044.89197 2039.67896 2034.20398 2028.43005 2023.81995 2017.49194 2013.21594 2006.06494
2766.34302 2764.59399 2763.26099 2762.12207 2760.52905 2758.51904 2757.03003 2754.63696 2753.21094 2751.57495 2750.21411 2749.45190 2749.07104 2750.89209 2752.35693 2751.11499 2750.70801 2747.19702 2738.01611 2725.04810 2713.67700 2703.22900 2693.63696 2685.32397 2677.18408 2669.07690 2661.24097 2653.89600 2646.81689 2640.16699 2633.65503 2626.71606 2618.91895 2609.78101 2599.48511 2587.86304 2576.11499 2565.96289 2555.43896 2545.30811 2534.28809 2523.59692 2514.51099 2504.77393 2495.96411 2487.35693 2478.67505 2470.23999 2461.52002 2452.89404 2444.35791 2435.99902 2427.95898 2420.24805 2412.09912 2403.96704 2395.98999
