rappture/examples/Example_1.asc
ncols 278
nrows 345
xllcorner  499921.125
yllcorner  4174920.75
cellsize 15.0
NODATA_value -9999
[rows 275 to 299 of 345, columns 0 to 56 of 278]
1773.03699 1771.20105 1769.25806 1767.14294 1765.59802 1764.28796 1762.05298 1760.44800 1759.04797 1757.95300 1756.64099 1755.20605 1754.13196 1752.61401 1751.08105 1747.20801 1745.14197 1743.59998 1742.23999 1740.57397 1738.33606 1736.24402 1735.24304 1735.76599 1735.01099 1733.40906 1731.45203 1729.83801 1728.48706 1727.60095 1727.40405 1726.70300 1725.77502 1723.40698 1720.44604 1718.61597 1716.48901 1713.84302 1710.92102 1709.00195 1708.71204 1708.04797 1705.94495 1703.92700 1702.71704 1702.05505 1702.51697 1702.73999 1701.98096 1700.22498 1697.73596 1694.57104 1691.76599 1689.54895 1686.03296 1684.23999 1682.87598
2071.94189 2066.83911 2062.16309 2057.55591 2052.58203 2047.53503 2043.76001 2041.72900 2041.59998 2043.00403 2045.50500 2047.88904 2051.91797 2054.60889 2045.38794 2031.89905 2014.86597 2000.58704 1991.26599 1984.22095 1977.81604 1975.08704 1971.64294 1961.43103 1950.19495 1937.65601 1927.58203 1921.03503 1913.69104 1905.51099 1897.72400 1891.75195 1885.71204 1879.38501 1873.04797 1868.57104 1865.07495 1862.60498 1858.80200 1854.80103 1850.87695 1848.33496 1846.18896 1841.05896 1835.81396 1830.12805 1824.41296 1819.03296 1816.21594 1814.72302 1812.51599 1810.64001 1809.06995 1806.43103 1804.46399 1802.18201 1799.31299
2647.81494 2636.82910 2627.16797 2616.26001 2605.11694 2593.62988 2584.54102 2575.83008 2565.92505 2557.81812 2550.68701 2544.42603 2538.06201 2530.21899 2522.03198 2516.13306 2511.01904 2503.21191 2492.57910 2479.07788 2467.16309 2456.44702 2446.40601 2436.84595 2428.20801 2420.09302 2412.40210 2404.72803 2393.92212 2383.12500 2373.02808 2362.71509 2352.68408 2341.64990 2332.02905 2322.79810 2313.62988 2303.76392 2293.92993 2284.30688 2274.83105 2265.36011 2255.97900 2246.81104 2238.16211 2229.69995 2221.26807 2213.08008 2204.92310 2196.73389 2188.56396 2181.16504 2174.30005 2167.68701 2161.15894 2155.01611 2149.12012
2767.80908 2766.23706 2766.32104 2766.93896 2767.11499 2766.79712 2765.17310 2761.31689 2755.76709 2749.98706 2745.86304 2746.28101 2746.47998 2746.43604 2745.62598 2745.03003 2743.83301 2742.60498 2741.17603 2740.46899 2739.97607 2738.95898 2738.49097 2737.55200 2736.45605 2735.92212 2735.04907 2734.63306 2734.13599 2734.05005 2734.12500 2734.75806 2735.32593 2734.74194 2731.48999 2728.28906 2725.14209 2722.46802 2721.04590 2719.86792 2719.13696 2717.74707 2716.49097 2714.39697 2714.52197 2714.04907 2713.44507 2713.24902 2712.13501 2711.54395 2710.60889 2708.87988 2707.02905 2705.86206 2704.11792 2702.70288 2700.88306
1647.37805 1647.65906 1649.18506 1649.69397 1648.38196 1645.95605 1643.44897 1639.07495 1634.78101 1633.31897 1631.41602 1630.63098 1629.34802 1628.33899 1627.30005 1626.86401 1625.83301 1623.07605 1620.91296 1618.47302 1617.13000 1615.18103 1612.57898 1610.70996 1609.03198 1608.94604 1608.58606 1607.27502 1605.79797 1604.57605 1602.36401 1600.92395 1600.21704 1598.40503 1596.79102 1595.54797 1593.20300 1590.43201 1590.48206 1591.41003 1591.09705 1590.01404 1589.87097 1588.83606 1586.14404 1582.40100 1579.60205 1577.68799 1576.61206 1575.01099 1572.78796 1569.55505 1566.20105 1563.51404 1561.33704 1561.07605 1560.56396
1754.35303 1752.40002 1750.98706 1749.53003 1747.68396 1746.01794 1743.68799 1741.98596 1739.87402 1735.71399 1733.90698 1731.45996 1729.65906 1729.55005 1728.81897 1727.80701 1726.87000 1725.51501 1723.37598 1722.17700 1722.27795 1721.49194 1720.22095 1718.56702 1716.32898 1713.87500 1712.30701 1710.38098 1708.28503 1707.19397 1706.92798 1706.18506 1704.39294 1701.03296 1697.73706 1696.02905 1693.66895 1691.40100 1689.89697 1688.43298 1686.94897 1684.93298 1682.56104 1680.56995 1680.02295 1679.50000 1678.87805 1676.97498 1675.65405 1674.50000 1673.36499 1672.14795 1671.17798 1669.70996 1668.41504 1667.02197 1665.96997
2011.41394 2012.35596 2015.44495 2020.41296 2015.96594 2003.17004 1991.71802 1982.85803 1969.10803 1957.75098 1946.90906 1935.81995 1928.39001 1923.32104 1914.84900 1906.29504 1896.88904 1890.24304 1880.56702 1875.58704 1873.24097 1872.34705 1866.74902 1859.35205 1853.66394 1849.88306 1845.60803 1841.54602 1837.34399 1834.18103 1830.73706 1826.74097 1823.37805 1820.55005 1817.47498 1815.97803 1815.15100 1814.52002 1811.60803 1808.49402 1806.23206 1803.42700 1801.69604 1799.42505 1797.83606 1796.81299 1794.91394 1792.87500 1790.89502 1787.92200 1784.86597 1781.38599 1778.94299 1776.26599 1774.26794 1772.82397 1770.91394
2535.42700 2524.09009 2515.03711 2507.28198 2499.01196 2490.79590 2483.70996 2478.01807 2474.17700 2470.05103 2462.19507 2454.69604 2443.71997 2430.84497 2420.14404 2409.63794 2399.80298 2389.87012 2380.54297 2371.17896 2362.08301 2352.92993 2343.70508 2334.23706 2324.32104 2314.24609 2304.03491 2293.80688 2283.81299 2273.99390 2263.34106 2252.98706 2243.60889 2234.66406 2225.83301 2216.94409 2208.19800 2199.46606 2191.03003 2182.56104 2174.02588 2165.72095 2157.45093 2149.31592 2141.54297 2134.16895 2127.21997 2120.84106 2114.61792 2108.46606 2103.11694 2097.46509 2092.16406 2086.85400 2081.33594 2076.24707 2065.04102
2733.24609 2733.89404 2735.70801 2737.13696 2737.05688 2735.50708 2732.97095 2731.60889 2730.64893 2728.38306 2728.04297 2726.89600 2725.51392 2724.40894 2723.24707 2722.52588 2722.40405 2723.82104 2723.64209 2723.28296 2722.39600 2722.16211 2723.06396 2724.32397 2724.02295 2722.69800 2720.61011 2717.80811 2715.18799 2712.76294 2710.59009 2709.15405 2707.66602 2706.88696 2705.54395 2704.52295 2704.30200 2703.64600 2703.40601 2702.82007 2703.02100 2701.94800 2700.00293 2698.25488 2696.85498 2695.21997 2693.87402 2692.35107 2690.70410 2689.22192 2685.87500 2676.22998 2664.33789 2651.77002 2641.30908 2633.39990 2623.98706
1633.75598 1631.43701 1630.46301 1629.72302 1628.98901 1628.30005 1627.69495 1626.67896 1625.54004 1623.91504 1622.23804 1619.86694 1618.10999 1616.32605 1613.94299 1611.45898 1609.04797 1608.61804 1609.01099 1609.37500 1608.97498 1608.42700 1606.52795 1602.67505 1597.18506 1593.93799 1590.66296 1587.84998 1585.65906 1583.69995 1581.27502 1579.15100 1576.58899 1574.89502 1574.30603 1573.12695 1571.27100 1568.32898 1566.23096 1565.78406 1564.87195 1563.39697 1562.26294 1560.20300 1557.01697 1553.93799 1552.08606 1551.67603 1550.74194 1549.47302 1548.02002 1546.08606 1544.47400 2746.74805 2750.43701 2752.65601 2753.37695
1730.64697 1728.04297 1726.21899 1724.29700 1722.42297 1721.64795 1721.47205 1720.36401 1719.38696 1718.19897 1717.36401 1716.03198 1714.36401 1712.72095 1710.31396 1708.75598 1707.74805 1705.39099 1703.39197 1701.53601 1699.50696 1697.88599 1697.02100 1696.22803 1695.95203 1694.52002 1693.47900 1691.55701 1689.07898 1686.41602 1685.06604 1683.89404 1682.43701 1680.54504 1678.64600 1675.88696 1672.50305 1669.54297 1667.97705 1666.57898 1667.18103 1667.85205 1668.65002 1668.92798 1667.87097 1666.72900 1666.16394 1664.91394 1663.02600 1661.88599 1660.28503 1657.56494 1655.03796 1652.98206 1651.13306 1648.55200 1646.84302
1953.75806 1943.15002 1934.11694 1923.91602 1911.45703 1902.06299 1893.30701 1879.48901 1857.18103 1840.89697 1833.90100 1825.84302 1820.65503 1823.53296 1824.97498 1825.59399 1823.96997 1820.57800 1814.99500 1810.48804 1807.59705 1804.04004 1800.67102 1799.94702 1801.33899 1801.67004 1800.93506 1799.27795 1797.02405 1794.71899 1793.39795 1791.41699 1790.10095 1789.20801 1788.35498 1786.62598 1784.26001 1783.45203 1782.41199 1781.01099 1779.10706 1776.65906 1774.20203 1772.38794 1769.82104 1768.10596 1766.85999 1765.43103 1763.67505 1762.38501 1760.86597 1758.80103 1756.28894 1755.05103 1752.84705 1750.66101 1748.38306
2436.58911 2427.92700 2421.27905 2416.05591 2413.55688 2413.27808 2414.81396 2392.94312 2380.33496 2367.30005 2357.22998 2348.05298 2337.08203 2326.36694 2318.75391 2310.30005 2300.42896 2289.71606 2278.57690 2267.73804 2257.57593 2247.77295 2236.79810 2226.36890 2215.93506 2205.68188 2195.93188 2185.87109 2176.36597 2167.47510 2158.70703 2150.36108 2142.41406 2134.30908 2126.09399 2118.31494 2110.70801 2103.07007 2095.68799 2088.64990 2081.85693 2075.53394 2069.31006 2063.51611 2058.16089 2052.07910 2045.24500 2037.43994 2029.59900 2021.55103 2013.93604 2007.01196 2000.67798 1994.78894 1989.88501 1985.87305 1982.22095
2716.41797 2715.09595 2713.71509 2712.47095 2711.55688 2711.26099 2711.86597 2712.79492 2712.78296 2712.93701 2713.68408 2713.23706 2713.46899 2713.26807 2713.11792 2713.21094 2712.93896 2711.29102 2709.44604 2708.12695 2706.49097 2704.01294 2702.14893 2699.91992 2698.24512 2696.70093 2695.78906 2695.25195 2694.34399 2693.90991 2693.31812 2693.26392 2692.95703 2693.27905 2692.33008 2691.23096 2689.70288 2687.67212 2685.11011 2682.24097 2678.55396 2667.46509 2649.06396 2634.28906 2621.19702 2609.84399 2599.13110 2591.29907 2582.37988 2571.84106 2562.76099 2554.86694 2547.91602 2541.64795 2535.02588 2528.47705 2522.89111
1620.72595 1619.68396 1616.87805 1614.79102 1614.58105 1614.44202 1613.51794 1611.43994 1609.60999 1606.71899 1605.01099 1602.83606 1602.51794 1603.82800 1603.97998 1601.68604 1596.92700 1589.96997 1584.48706 1582.12598 1580.21997 1578.97400 1577.82397 1575.55603 1572.22400 1569.24805 1567.25098 1564.56006 1563.14905 1561.93896 1560.50598 1557.29797 1554.93005 1552.94800 1550.00305 1547.64001 1546.20996 1544.19897 1543.06604 1542.42700 1541.98804 1540.30798 1538.75903 2728.49194 2737.23096 2742.61792 2745.65405 2746.19800 2743.79395 2740.08203 2734.94092 2730.96899 2729.60400 2728.49609 2724.95801 2723.80396 2723.99707
1713.19299 1712.19104 1710.49500 1709.20996 1707.17896 1704.99805 1703.28101 1700.98499 1698.74902 1697.38403 1695.99304 1694.64294 1694.02197 1693.19104 1691.49805 1690.19104 1689.17700 1687.94604 1687.08496 1685.23999 1682.41003 1679.75000 1678.15796 1676.75598 1675.11401 1672.69800 1670.22803 1669.28601 1667.65100 1665.07104 1663.26794 1661.79395 1660.51001 1660.96399 1662.44104 1663.23303 1661.45203 1661.19800 1659.38794 1657.41602 1656.20398 1655.70300 1653.96301 1651.58203 1648.67896 1646.61206 1646.69299 1644.20605 1642.53503 1642.96704 1642.87195 1641.79602 1640.54199 1639.48901 1639.05005 1639.15796 1638.06494
1845.33496 1832.82300 1822.38904 1813.13599 1811.32202 1810.71802 1807.35498 1802.53796 1798.30396 1796.95203 1794.61597 1792.89600 1790.46704 1787.13904 1784.79395 1783.68506 1783.75195 1784.21204 1784.47803 1784.34900 1784.15796 1784.91797 1785.95703 1784.71399 1782.58899 1780.39294 1777.78198 1775.41199 1774.15906 1773.35596 1772.97803 1770.68396 1768.03003 1765.76501 1763.71899 1762.00500 1761.25806 1759.88306 1759.38501 1758.97803 1757.56006 1756.78503 1756.00903 1753.62695 1750.75806 1748.40796 1746.10901 1744.14001 1742.92297 1741.66296 1739.54700 1737.82300 1736.14099 1734.44202 1732.68896 1731.14697 1730.60596
2335.58105 2325.24902 2314.76001 2303.12793 2293.16699 2283.77905 2276.02100 2269.96899 2265.88501 2263.33594 2257.76196 2244.43604 2231.72290 2218.14990 2207.62891 2197.31396 2187.46802 2178.49194 2170.61499 2159.38110 2146.88696 2134.80200 2127.70703 2116.69800 2108.24390 2100.30396 2092.78711 2085.24609 2078.00806 2070.81201 2063.63403 2056.75391 2049.84399 2043.22095 2036.87097 2030.57703 2024.61304 2018.54602 2012.59900 2006.62500 2000.15405 1992.94604 1985.36401 1978.98706 1973.31702 1968.04102 1963.24902 1959.10803 1955.67700 1952.38794 1949.96106 1946.35999 1941.62805 1937.56995 1933.67102 1929.66003 1925.84900
2703.60205 2703.68994 2704.46997 2704.50293 2704.12305 2703.74805 2702.95703 2702.16602 2700.86597 2700.44702 2699.22192 2696.92603 2694.21509 2692.21802 2689.89893 2687.87598 2687.21997 2685.92505 2684.84302 2683.95996 2682.91089 2682.48291 2683.12988 2683.70093 2684.41602 2684.18701 2683.48999 2681.65210 2680.65503 2678.15088 2670.67505 2653.61792 2642.31689 2628.93994 2619.14990 2607.02490 2589.64209 2576.17798 2564.80005 2555.00293 2546.64990 2537.62402 2530.19312 2523.43311 2517.15210 2509.14209 2501.36792 2491.63501 2477.35791 2467.58496 2456.09912 2449.83496 2449.90210 2442.33496 2440.64990 2425.55200 2408.30908
1606.68799 1606.42505 1605.87195 1603.53198 1601.04395 1596.89795 1593.17700 1591.43604 1590.87305 1590.20105 1585.16199 1580.06494 1575.85803 1571.68201 1568.35095 1566.38306 1564.88196 1562.90100 1561.36804 1560.02405 1557.57605 1555.28198 1553.40906 1551.56494 1548.60803 1545.53296 1542.93506 1541.02405 1539.83801 1538.87695 1536.80103 1534.73804 1532.20300 2706.05908 2713.59595 2719.73999 2720.54590 2719.69800 2719.45898 2718.46899 2716.76392 2719.20410 2721.64600 2722.36304 2721.76099 2716.72803 2714.37793 2711.54492 2709.75708 2709.98608 2707.93994 2707.72095 2706.86597 2706.27002 2705.91089 2705.84595 2706.20190
1696.49097 1694.19495 1691.64600 1689.60205 1687.12903 1686.41895 1685.12000 1683.34204 1682.52295 1680.77405 1679.17395 1677.81897 1677.16199 1675.78198 1673.71997 1671.67896 1670.61096 1669.75903 1666.63501 1664.85303 1662.17896 1660.36597 1658.67896 1656.24597 1655.78894 1655.04395 1654.23901 1652.77405 1650.98096 1649.37805 1647.73206 1644.95496 1643.47498 1643.66895 1641.95801 1639.43604 1638.83203 1637.77405 1635.81702 1634.30298 1635.71594 1637.36694 1636.63501 1636.53198 1635.31299 1633.49597 1631.40100 1628.79004 1625.68103 1622.86694 1619.39404 1617.99402 1616.71204 1614.81604 1612.13794 1609.68201 1608.39502
1781.48596 1778.08704 1776.17200 1774.40002 1773.16602 1771.76501 1771.28894 1771.22705 1772.20496 1773.88098 1775.95203 1777.06702 1776.85999 1775.86206 1775.68103 1774.10901 1771.84399 1769.36902 1768.07495 1767.04004 1764.61597 1762.51196 1761.13306 1759.22302 1758.04504 1755.33899 1753.53503 1752.27502 1751.61499 1752.52600 1752.72302 1751.39197 1749.71594 1748.54700 1747.75403 1747.24304 1745.93994 1743.52698 1742.12000 1740.89600 1737.52405 1733.93896 1730.90906 1730.10205 1729.53296 1728.30005 1727.86499 1726.79504 1725.53796 1724.37097 1722.92297 1721.05200 1719.57703 1719.07800 1718.27197 1715.92395 1712.94995
2221.42700 2217.81006 2209.00195 2198.27002 2188.21094 2178.47998 2169.37207 2158.61792 2148.48804 2139.15601 2129.62891 2119.83911 2109.73193 2099.73706 2090.25098 2081.73706 2073.62891 2065.38892 2057.95093 2050.87109 2044.03699 2037.21497 2030.44995 2023.83398 2017.33997 2010.83704 2004.55298 1998.35901 1992.18799 1986.31995 1980.50098 1974.54102 1968.54395 1962.63000 1956.70300 1949.78699 1944.06201 1938.72302 1933.78406 1929.39099 1925.30103 1921.00696 1917.46704 1914.63904 1912.68799 1911.50305 1908.11804 1902.68701 1897.15503 1889.92896 1883.22095 1875.35303 1867.95996 1860.70801 1853.72705 1846.55603 1839.54395
2689.42798 2687.90991 2685.83203 2683.90308 2680.66895 2677.06592 2673.47510 2670.04102 2667.05493 2665.04297 2663.53589 2665.25195 2669.80908 2671.04297 2671.97803 2673.37891 2673.35400 2672.17700 2669.64111 2663.24097 2652.84106 2641.38501 2630.64111 2618.72510 2603.21191 2590.63501 2580.47510 2569.84302 2559.89404 2549.84302 2541.67407 2527.08911 2518.66406 2504.45605 2490.84692 2483.37500 2474.11108 2463.58105 2452.91602 2440.80688 2429.04712 2419.55200 2410.50391 2402.83301 2396.45093 2393.31104 2387.85498 2372.13794 2362.14893 2352.87500 2345.74292 2339.46606 2333.35107 2326.59595 2319.92896 2313.68799 2307.04395
1583.75903 1583.65405 1583.19995 1581.93896 1578.45801 1576.24500 1575.71497 1575.14697 1573.49597 1569.88196 1565.20203 1560.30200 1557.37805 1555.82800 1554.34595 1552.51294 1550.02197 1547.62598 1545.61401 1544.13000 1542.84399 1540.37195 1537.88696 2687.31006 2690.16504 2694.96997 2698.61011 2699.20190 2701.52710 2702.30298 2703.69507 2705.06592 2705.70508 2705.82300 2705.38696 2703.24194 2699.65601 2699.60693 2700.96802 2699.43701 2697.95996 2696.19409 2695.06494 2692.87207 2692.68604 2693.00293 2694.21704 2693.80200 2694.72290 2695.60205 2694.84595 2693.24390 2691.93408 2691.61890 2691.53711 2691.89404 2692.37500
