rappture/examples/Example_1.asc
ncols 278
nrows 345
xllcorner  499921.125
yllcorner  4174920.75
cellsize 15.0
NODATA_value -9999
[rows 100 to 124 of 345, columns 171 to 227 of 278]
3228.25610 3215.83203 3204.70410 3194.04004 3183.97900 3174.82104 3165.88989 3156.87012 3147.47290 3138.25610 3130.18188 3121.77588 3114.56396 3110.33691 3106.86792 3106.35693 3101.25000 3091.49097 3080.67310 3069.48706 3058.91309 3047.84204 3037.26001 3025.90503 3015.84497 3005.93799 2995.50293 2985.13208 2976.23193 2969.96411 2964.84912 2961.76392 2957.87695 2952.42993 2946.31689 2940.61694 2934.86694 2928.21094 2921.72192 2917.44604 2911.92505 2903.90698 2899.01611 2893.73511 2888.74902 2884.14893 2879.14307 2872.37012 2865.37793 2857.93799 2851.06006 2844.42505 2836.88599 2830.11401 2823.56689 2818.06201 2812.45605
1853.39795 1853.69202 1855.06995 1857.03198 1856.22998 1851.98804 1848.50903 1845.52197 1842.78503 1843.68896 1845.56104 1845.94897 1845.52100 1846.48804 1843.00696 1838.20801 1828.88599 1817.14404 1799.87500 1781.14697 1763.21301 1746.69702 1732.32800 1718.56104 1708.69702 1698.00696 1687.73804 1679.37402 1670.32495 1662.13599 1652.85706 1644.95105 1637.36694 1630.71899 1625.70703 1621.37500 1618.42603 1615.74500 1613.28894 1612.60596 1612.78003 3321.29199 3326.51611 3329.73096 3328.80688 3324.52002 3319.63696 3315.26001 3311.37695 3307.73608 3305.50903 3303.44800 3300.94409 3298.64990 3296.76001 3295.76001 3296.79492
1989.23596 1987.23804 1984.45496 1980.57703 1974.94397 1969.31201 1965.14294 1962.72595 1961.09998 1959.41394 1957.50806 1955.25195 1953.38904 1951.71704 1950.44604 1949.87695 1948.55298 1946.41003 1943.46997 1939.73706 1937.71899 1936.09705 1936.57104 1936.17395 1934.56494 1932.70605 1930.59399 1928.87903 1926.89001 1924.36401 1922.75806 1920.86902 1918.79797 1916.72595 1914.81396 1912.96106 1910.71106 1908.20801 1905.74194 1903.65601 1901.72900 1899.30005 1896.86804 1893.60803 1890.91504 1888.22900 1885.51099 1883.10205 1880.64099 1877.76697 1875.23499 1873.07300 1870.54395 1868.34302 1865.66394 1862.66602 1859.70801
2268.00293 2258.57910 2249.11499 2240.14307 2232.59009 2225.13501 2216.84204 2208.70093 2200.40503 2192.73608 2186.13696 2179.39990 2173.12109 2166.23901 2158.56006 2150.67310 2143.97998 2137.99390 2132.71802 2127.01294 2120.69995 2114.86304 2109.51807 2103.34692 2096.50806 2090.15308 2086.15601 2081.79810 2076.51294 2072.28101 2070.06104 2067.77197 2064.91602 2062.61206 2061.97900 2060.94409 2060.08105 2058.78809 2056.36011 2054.42407 2052.67700 2049.78394 2045.38501 2041.41797 2039.18005 2038.02197 2035.23096 2033.23303 2032.56201 2032.29895 2032.34998 2030.60901 2028.72498 2026.24597 2023.21106 2020.91394 2017.78406
2689.45190 2686.16309 2681.59302 2677.55200 2672.49194 2668.07495 2663.32397 2658.83008 2654.84790 2650.75000 2646.89990 2643.84106 2641.55005 2638.39111 2634.67896 2631.16895 2626.90698 2622.21606 2616.80811 2611.67700 2609.04102 2606.95898 2601.58203 2597.47412 2593.22705 2588.31104 2582.66895 2576.96094 2571.67212 2565.73511 2560.75903 2555.30688 2549.23999 2542.51709 2536.53809 2530.45605 2524.14307 2517.69604 2511.49609 2503.73901 2496.27905 2488.61499 2480.99194 2472.91211 2464.82495 2456.43188 2447.61206 2438.82788 2430.51611 2422.58911 2415.84692 2408.59399 2400.20288 2391.76709 2383.43604 2374.77808 2366.10303
3155.57910 3147.85693 3139.35107 3129.66211 3110.60596 3097.01709 3086.29590 3075.37109 3065.07690 3055.11011 3044.93506 3035.61304 3026.15796 3016.25806 3007.25708 3000.57007 2995.13501 2990.51099 2986.83594 2983.36499 2981.88403 2977.89404 2972.29395 2966.08008 2958.42090 2950.32104 2941.93799 2934.40088 2926.74097 2920.19995 2912.94312 2906.53394 2899.94409 2893.64404 2887.63794 2880.88989 2874.12109 2867.79590 2862.26001 2855.53296 2848.11206 2841.78394 2834.78198 2828.46704 2822.63794 2816.22705 2809.36108 2802.57593 2796.60791 2790.77588 2785.70605 2780.16406 2774.87695 2769.94312 2763.40088 2756.22900 2749.48096
1802.98901 1804.49194 1805.67102 1808.69800 1813.16394 1818.58899 1816.54602 1806.63403 1793.71594 1777.90002 1758.96497 1745.56702 1733.93201 1721.82898 1712.03101 1702.99304 1691.81396 1683.40796 1675.75195 1664.06299 1652.17700 1644.82104 1634.28796 1622.78699 1615.80798 1606.80103 1599.71594 1594.63098 1591.59998 1588.78601 1585.15601 3317.31104 3310.95996 3307.01001 3307.50000 3308.13403 3308.23999 3307.19092 3305.94092 3304.08301 3302.03491 3300.60498 3300.19702 3301.52808 3305.50610 3310.94409 3317.17505 3322.97900 3326.73193 3326.98193 3321.30591 3310.81812 3300.20508 3289.28003 3278.61401 3268.47803 3258.08398
1953.95801 1952.31604 1950.27600 1947.43799 1944.56396 1942.11597 1939.71594 1938.83606 1937.34998 1936.24597 1934.65100 1932.62903 1931.35999 1929.03296 1928.33997 1927.65100 1925.50305 1924.02600 1923.18005 1921.33704 1919.50903 1917.33203 1915.02905 1913.07104 1912.11206 1911.43604 1910.36401 1908.59302 1905.98303 1903.21997 1900.35803 1897.69800 1895.38794 1893.06201 1890.47400 1888.04700 1885.31104 1883.21704 1881.18799 1878.89795 1876.15198 1873.36499 1870.00500 1866.64795 1863.47900 1859.97900 1855.96301 1851.29102 1846.26904 1841.77795 1837.10803 1833.06104 1829.36401 1825.46399 1821.45105 1818.04700 1815.11401
2167.97607 2160.80688 2155.30811 2150.24097 2143.72900 2136.06006 2126.95410 2118.29004 2110.74194 2104.97705 2100.46191 2096.61108 2093.15503 2089.36206 2085.05103 2082.26807 2077.50195 2073.08203 2069.74707 2066.66797 2062.52197 2057.98999 2054.21704 2051.92407 2050.61792 2049.08691 2047.53101 2044.47803 2040.26196 2036.48303 2033.71204 2031.56702 2028.68701 2026.68701 2024.37402 2021.48706 2019.28796 2017.92395 2016.95996 2017.14697 2016.89905 2017.66394 2017.30896 2015.86304 2014.87500 2014.08997 2012.31604 2009.99805 2006.61304 2001.91504 1997.50195 1994.15002 1991.40295 1988.33301 1984.77698 1981.01294 1977.66699
2639.20898 2634.12207 2629.56689 2624.62598 2619.83911 2615.55908 2614.28491 2611.51904 2606.20093 2601.73389 2598.93604 2596.63989 2594.46899 2591.67896 2588.24292 2581.67993 2575.45703 2569.44800 2564.68091 2560.00708 2556.11011 2552.23706 2547.41309 2541.60205 2534.86792 2525.77710 2516.85400 2508.56201 2500.96899 2493.62988 2486.25903 2479.92896 2472.64697 2465.16797 2457.27100 2449.56494 2441.48608 2432.62402 2423.84399 2414.75000 2406.07788 2397.13989 2387.74609 2378.07690 2369.35596 2361.42603 2354.52393 2346.08789 2337.79395 2329.59912 2320.28711 2310.60596 2301.10010 2291.29199 2281.09399 2271.32397 2262.06006
3045.81812 3037.75903 3031.70898 3026.25098 3019.58301 3012.20703 3004.22607 2996.92993 2988.79590 2983.47510 2978.72290 2974.09302 2968.82593 2963.33594 2956.55493 2949.65991 2943.32690 2935.63794 2927.86108 2920.80811 2915.09106 2908.75098 2901.14600 2893.21899 2885.73706 2878.28711 2871.52393 2864.40308 2856.92896 2850.83008 2844.43311 2837.05591 2830.21606 2823.14697 2817.24707 2809.76001 2801.05591 2793.72803 2787.53711 2780.94409 2774.49902 2769.75293 2764.82202 2759.30493 2754.57397 2748.44995 2741.59497 2734.25488 2727.14893 2719.72510 2711.17700 2705.11108 2701.33496 2697.76489 2692.96606 2687.60107 2682.28003
1753.48401 1742.24597 1730.86206 1717.87402 1703.55505 1692.82996 1685.82996 1677.93298 1668.99902 1660.19104 1651.16003 1642.20898 1632.92896 1624.59595 1615.45203 1606.98096 1598.08203 1589.09302 1581.58496 1576.78601 1573.67896 3295.22290 3293.84790 3290.18994 3287.20996 3284.01709 3282.85498 3284.31592 3286.98901 3289.79297 3291.51709 3293.99097 3300.13403 3310.10693 3315.97510 3313.44189 3314.89795 3320.52197 3318.56299 3321.41211 3321.12793 3313.43896 3303.75903 3293.45508 3283.70093 3273.68091 3263.56494 3253.35010 3242.95288 3232.42310 3222.27100 3210.85498 3198.14404 3186.89502 3175.30493 3164.62891 3154.32007
1927.07703 1923.99500 1922.87402 1922.08899 1921.90002 1922.16699 1922.78406 1922.81604 1921.07800 1918.15906 1915.28198 1913.11902 1910.76294 1908.69604 1906.75098 1904.32495 1903.14600 1901.98596 1899.84802 1897.80200 1895.70996 1894.51196 1893.02698 1891.63000 1889.50098 1887.39600 1885.10596 1882.90100 1879.68604 1876.30005 1872.54797 1868.80396 1865.70898 1863.07605 1860.11499 1857.02698 1853.03894 1848.20203 1842.87695 1837.23596 1832.46802 1827.96301 1823.17798 1818.52002 1813.75098 1808.92200 1804.62097 1800.96106 1797.43396 1794.43396 1791.97900 1789.69702 1786.80005 1784.25598 1782.35596 1780.98999 1778.96106
2087.17407 2082.10596 2077.03589 2071.13696 2065.58911 2060.56592 2056.84912 2055.04102 2052.13794 2049.89990 2047.71594 2046.47095 2043.15002 2038.94800 2036.42200 2034.29395 2030.80103 2026.87305 2022.28503 2017.93396 2014.75000 2012.07495 2011.43103 2010.53296 2007.49805 2004.62598 2001.90601 2000.15796 2000.16699 2000.92395 2000.38098 1998.43604 1995.87500 1994.44702 1992.00500 1989.18298 1988.48596 1989.50500 1989.00500 1988.20605 1986.80701 1985.11694 1983.37598 1981.04700 1978.47998 1976.02295 1972.99500 1969.61902 1966.92798 1964.70496 1961.85999 1958.81995 1955.27698 1951.91296 1948.46704 1945.53296 1943.14600
2585.57300 2582.13110 2578.45703 2574.27295 2568.83203 2564.08203 2560.67505 2556.41895 2551.68408 2545.88403 2538.95996 2532.89502 2527.54712 2521.85303 2516.15405 2510.16797 2503.44800 2495.98291 2489.29395 2483.26392 2474.25903 2466.69092 2457.74609 2449.56396 2441.82397 2434.90503 2427.86401 2420.16895 2410.65405 2401.59497 2391.34106 2382.04810 2374.11890 2365.85889 2355.91602 2345.97607 2337.32593 2328.64209 2319.31201 2310.34497 2301.98706 2293.69897 2285.02393 2276.27393 2266.46509 2256.62793 2247.73901 2238.35693 2229.21997 2220.11011 2210.56299 2200.40308 2190.59302 2181.37793 2172.40405 2164.04492 2156.58594
2979.70410 2972.83911 2965.48511 2957.81909 2949.35010 2940.96191 2932.40405 2923.68506 2915.98608 2908.38892 2903.06592 2896.77905 2890.81812 2885.07593 2878.97900 2872.20898 2865.82007 2858.63892 2850.77808 2843.33105 2836.09790 2830.68311 2827.04492 2821.79590 2814.92090 2807.51001 2801.46411 2795.82007 2789.35010 2783.17896 2777.78809 2772.19897 2766.16895 2759.27393 2752.60596 2746.52490 2739.54590 2732.88989 2727.75098 2722.64990 2715.34399 2708.99390 2702.59912 2695.89697 2689.15308 2682.73999 2677.76611 2672.63306 2665.93799 2660.72803 2657.27002 2653.18896 2647.70801 2644.08301 2641.83911 2637.70605 2633.77710
1650.99805 1642.84094 1634.81299 1625.30896 1616.55103 1606.28699 1597.69397 1588.36804 1581.09900 1575.26001 1570.09094 3254.79102 3257.93604 3257.97290 3257.13208 3257.38599 3257.23511 3258.14990 3261.18188 3265.51099 3268.75098 3272.22095 3278.43408 3286.25806 3292.04907 3300.23511 3305.24194 3312.77588 3311.69897 3307.79810 3301.77905 3296.28809 3290.42798 3283.96509 3277.98291 3271.56592 3265.51904 3256.55298 3246.58008 3235.98291 3225.28711 3213.51099 3201.94897 3189.65698 3178.26709 3166.82300 3155.15088 3144.17798 3133.44189 3122.68994 3112.71411 3102.95410 3092.40698 3082.33008 3072.47803 3063.40991 3054.61499
1911.89502 1909.66699 1907.70105 1906.81396 1904.98901 1903.08496 1900.86499 1897.31299 1894.81702 1893.55005 1891.67896 1890.03101 1888.32898 1886.76196 1884.44495 1881.85999 1878.28894 1874.54797 1870.67200 1867.92603 1866.47900 1863.14502 1859.39795 1856.03699 1852.37000 1848.78101 1845.44202 1841.19299 1836.16394 1831.67102 1827.53601 1822.81604 1817.49402 1812.01001 1808.03699 1804.38501 1800.35706 1796.33105 1792.27905 1788.36902 1784.95203 1782.47595 1779.77502 1776.83899 1774.16199 1771.55701 1768.74097 1766.33899 1764.23804 1762.48804 1760.50403 1757.72998 1754.18896 1750.74597 1747.06799 1743.41797 1739.54395
2022.23499 2020.71301 2020.57898 2022.95300 2024.78601 2022.82104 2018.77197 2014.96802 2010.80701 2007.91504 2005.30103 2003.21594 2001.66699 2000.01001 1997.71301 1995.96802 1993.80701 1992.06201 1990.34094 1987.51794 1986.29504 1985.11804 1983.66504 1981.90796 1979.50195 1976.66296 1974.27100 1973.04004 1972.04199 1971.12805 1968.96594 1967.40295 1966.98303 1966.98401 1966.26501 1964.87195 1963.24805 1961.58301 1959.13098 1955.70300 1952.62305 1949.19702 1946.42297 1944.49500 1942.23096 1939.85400 1937.69299 1935.12000 1932.98499 1932.12402 1931.51794 1930.45300 1927.89502 1924.60095 1921.98499 1920.43604 1919.46802
2523.27490 2517.67310 2510.39795 2501.79199 2493.58008 2486.51294 2478.80493 2470.78906 2463.39795 2457.96289 2453.89502 2448.35498 2441.74512 2432.39307 2422.80591 2413.74292 2404.52905 2396.44800 2388.45898 2380.22192 2371.71411 2364.07300 2355.84497 2347.06494 2338.24707 2329.54297 2320.53906 2310.61304 2300.80396 2291.19409 2281.26196 2271.17505 2261.91309 2252.92090 2244.73193 2236.49805 2227.46191 2218.26611 2208.88696 2200.56201 2192.70605 2185.01196 2177.16406 2169.44604 2161.18188 2153.02710 2145.52393 2136.69800 2128.46094 2120.30811 2111.78198 2102.81299 2094.10400 2086.23608 2078.83789 2071.66992 2065.50806
2891.46191 2884.63306 2877.58594 2871.03906 2865.10596 2859.97803 2853.61108 2847.48511 2841.71411 2835.59204 2828.46802 2821.38989 2815.69507 2811.45996 2807.74707 2803.85791 2799.09302 2794.69092 2788.72510 2782.23804 2775.26099 2768.19897 2760.98511 2753.96606 2747.60205 2740.38892 2732.93896 2726.74097 2722.37109 2719.58203 2715.95288 2710.91504 2705.52100 2700.33398 2694.66089 2687.75195 2680.71899 2675.13306 2669.10205 2662.55591 2656.19312 2649.46411 2642.06201 2634.09204 2627.14600 2623.10596 2619.58691 2616.61206 2612.85596 2609.63599 2606.33911 2602.20410 2597.28394 2592.05200 2587.20898 2581.82397 2575.34497
1570.15198 3214.13403 3217.86890 3218.39600 3218.46704 3220.23389 3222.64795 3224.03198 3226.07788 3229.32788 3234.99609 3241.28589 3247.82593 3254.42896 3260.69897 3266.67505 3271.79395 3276.06104 3279.50903 3280.83398 3280.01489 3276.17993 3266.94604 3254.21094 3245.08203 3238.88110 3232.13696 3225.81299 3218.41211 3211.00293 3203.27808 3194.89404 3186.32910 3177.22510 3168.33789 3159.56812 3150.76489 3140.24805 3129.67700 3119.88110 3110.19409 3100.40601 3091.01196 3081.40210 3072.23096 3064.33911 3058.10010 3050.80908 3042.42310 3033.60400 3024.09692 3016.56909 3009.92896 3001.09204 2992.40308 2983.98999 2975.78589
1887.74695 1885.52502 1883.47095 1881.04700 1878.37598 1875.48596 1871.91394 1868.81494 1864.69800 1859.98096 1856.67505 1853.97998 1850.75806 1847.28296 1843.97595 1839.62000 1834.71899 1830.40295 1826.29895 1821.86304 1817.74805 1813.55701 1809.57996 1805.25903 1801.73303 1798.37000 1795.57202 1792.65906 1789.19495 1785.40906 1781.96106 1779.20703 1776.72498 1773.83801 1770.93604 1768.18298 1765.00598 1762.57104 1759.95203 1757.66296 1755.60596 1753.90100 1751.73999 1749.16101 1746.45398 1743.36499 1739.09998 1733.66602 1726.24304 1718.24805 1709.72302 1700.97900 1692.10706 1682.05103 1670.17395 1659.50696 1651.10706
1996.21106 1995.10303 1993.82898 1991.60303 1989.61804 1988.23999 1986.29602 1983.52905 1981.50598 1979.69897 1976.94495 1973.54797 1969.61304 1967.22302 1965.89404 1964.74695 1963.27905 1962.06897 1959.24097 1957.97205 1958.20898 1957.23303 1955.45703 1954.26794 1953.17896 1951.86597 1949.74805 1946.95398 1945.84705 1943.40198 1940.90503 1938.60400 1936.61401 1935.11499 1933.55701 1932.30798 1930.59204 1929.10706 1927.11401 1925.33105 1923.68201 1922.17395 1919.96704 1918.41699 1917.57104 1916.45605 1915.41296 1915.10205 1914.83301 1913.96802 1912.68506 1910.68604 1908.41699 1906.53796 1904.57397 1903.14294 1902.23303
2435.45605 2427.04590 2418.83008 2411.12109 2403.19189 2394.72803 2385.84204 2376.62402 2367.01196 2357.84106 2349.43799 2342.47900 2335.69312 2327.18091 2317.97705 2309.00000 2300.66504 2292.40405 2283.87891 2275.99512 2268.67407 2260.11890 2250.93408 2241.81812 2231.59692 2221.78906 2212.21704 2203.21094 2194.37305 2185.21509 2175.82690 2166.77002 2158.19995 2150.02002 2142.02710 2133.93091 2126.35498 2119.09106 2112.68701 2106.73804 2100.11206 2093.54492 2087.56689 2080.52002 2072.34790 2065.49707 2059.29810 2052.79297 2046.83105 2041.32996 2035.11304 2027.78601 2021.48303 2017.23999 2013.53796 2009.08801 2005.60706
