rappture/examples/Example_1.asc
ncols 278
nrows 345
xllcorner  499921.125
yllcorner  4174920.75
cellsize 15.0
NODATA_value -9999
[rows 125 to 149 of 345, columns 171 to 227 of 278]
2829.23291 2822.83496 2817.19409 2811.95288 2805.58594 2800.21509 2795.41406 2790.03491 2783.22998 2775.41211 2768.12500 2762.07495 2756.67700 2751.21094 2745.06104 2739.64990 2736.12793 2732.88208 2728.16602 2721.63892 2714.91602 2708.35400 2702.37012 2696.49194 2690.21509 2684.15796 2678.29297 2671.31006 2663.89404 2656.30811 2648.53101 2640.37012 2633.67505 2626.12695 2618.44312 2612.26904 2608.75488 2603.58105 2598.59399 2593.91504 2589.82397 2584.31299 2579.98193 2576.86011 2570.57495 2564.49902 2560.70190 2557.28589 2552.77490 2547.45190 2541.88599 2536.81909 2531.08008 2524.95410 2519.12695 2514.30908 2509.17603
3203.12402 3209.27808 3214.05005 3220.12988 3223.36890 3227.79395 3230.53101 3232.56494 3234.68311 3235.69092 3235.22900 3234.68188 3231.91797 3223.45801 3212.80103 3205.56689 3200.32300 3194.38696 3188.47192 3182.20410 3175.34302 3168.06104 3160.62500 3152.16602 3143.42407 3134.74707 3126.36890 3117.97998 3109.23389 3100.37305 3091.47412 3082.06592 3072.89307 3064.01196 3055.26489 3046.49390 3038.36694 3030.77808 3023.87109 3019.35107 3016.11401 3009.31909 3001.47803 2993.19409 2984.54907 2975.47607 2966.97192 2959.10107 2951.82104 2945.40405 2939.32910 2932.38306 2925.26709 2918.00806 2910.65796 2903.86597 2896.59912
1855.85706 1852.66101 1848.59802 1843.68506 1839.08203 1834.62305 1830.52905 1826.68896 1823.14001 1819.68896 1815.18896 1809.64197 1803.97095 1799.97595 1796.60498 1794.05798 1791.20398 1788.29102 1786.09204 1783.83801 1781.48206 1778.85303 1776.03699 1773.25403 1770.92700 1768.45105 1766.30603 1763.93506 1761.77600 1759.89502 1757.33105 1754.56995 1752.13196 1749.81104 1748.12000 1745.91199 1743.59094 1741.03699 1738.52405 1735.73901 1728.82202 1718.60706 1707.98999 1695.72205 1678.71802 1667.70703 1659.25806 1651.49402 1643.13904 1635.44397 1628.98499 1622.22498 1615.75305 1609.34399 1602.68994 1595.26099 1587.97400
1964.68799 1961.43701 1959.65002 1958.21399 1956.61499 1954.01404 1952.13403 1949.90002 1948.55103 1947.53601 1947.91699 1948.14600 1945.76196 1944.35303 1943.91394 1943.51404 1942.45801 1940.79102 1939.08105 1937.19604 1933.90698 1931.73596 1930.44202 1928.84998 1927.41699 1926.78796 1925.93005 1925.09399 1923.21204 1921.71106 1920.31104 1918.52002 1917.13000 1916.85803 1917.09705 1916.73596 1916.50598 1915.68298 1914.95996 1914.10803 1911.47900 1909.47205 1907.64795 1904.16296 1900.90100 1898.78503 1896.40405 1894.25500 1893.57300 1892.83801 1891.67297 1890.95496 1890.27002 1889.47095 1888.40198 1886.51794 1885.53406
2337.05688 2328.32690 2319.76611 2311.52100 2303.13696 2294.11108 2285.20410 2276.42700 2267.86206 2260.34912 2253.21899 2247.17993 2237.58691 2227.58789 2218.10693 2208.50488 2198.91699 2190.26489 2181.41602 2172.81299 2163.73999 2154.50903 2145.29590 2136.70605 2128.64893 2120.37891 2112.27197 2103.87598 2097.09204 2092.29492 2085.15698 2076.17896 2068.90308 2063.65991 2058.63501 2052.83301 2045.90100 2039.26099 2032.42200 2025.94800 2020.70801 2016.71399 2013.39294 2010.27197 2006.17603 2000.61206 1995.77100 1992.08398 1989.82495 1986.65906 1985.11499 1984.52600 1985.29602 1985.93103 1984.34900 1984.90601 1984.02795
2774.92407 2766.47290 2759.16309 2751.76392 2744.33203 2736.79712 2730.29297 2725.03906 2719.22510 2712.89697 2707.03101 2701.91089 2695.88306 2688.59595 2682.09497 2677.13110 2673.72510 2669.10303 2662.45801 2653.98291 2645.05103 2637.28101 2630.25000 2623.35498 2617.41895 2609.54590 2602.06006 2594.66602 2586.56689 2579.47607 2573.53394 2568.40894 2562.64990 2556.12109 2550.12598 2544.92896 2540.49097 2535.76196 2530.84399 2526.01904 2522.49512 2518.13794 2511.26489 2504.24194 2498.07788 2490.69800 2483.25293 2477.17090 2470.85498 2464.05200 2457.56104 2450.37109 2443.16504 2436.02002 2429.07593 2422.86011 2415.18091
3191.19800 3190.88208 3189.66992 3187.04907 3182.70801 3177.11108 3169.71509 3161.99902 3155.16895 3150.13794 3145.51807 3139.02588 3135.06006 3129.44897 3122.72412 3115.63501 3105.95898 3095.88306 3087.19800 3078.13989 3070.02490 3061.83496 3053.26611 3045.24292 3038.53906 3032.95508 3028.94604 3024.00293 3020.40308 3016.18408 3010.54712 3005.33105 3001.61890 2997.76099 2992.19092 2984.93701 2978.54492 2970.73511 2962.87695 2955.52808 2947.47412 2939.34497 2931.22803 2925.02905 2917.72900 2911.46997 2904.93188 2898.05688 2891.56494 2883.30811 2875.40894 2868.05200 2860.90698 2854.76904 2847.86499 2840.17700 2833.74512
1813.80005 1809.85303 1805.81604 1801.85706 1797.90295 1794.12305 1790.56702 1787.46204 1784.18604 1781.29797 1778.27002 1775.51404 1772.66296 1770.26599 1768.51794 1766.38599 1763.19995 1760.59595 1758.08301 1756.06702 1754.48206 1752.76099 1750.43896 1748.12903 1745.67505 1742.50000 1739.15405 1735.22803 1732.17004 1729.89197 1729.60095 1727.50195 1721.90503 1713.42297 1701.43896 1689.19604 1676.05603 1662.20898 1651.56897 1642.09900 1633.81995 1626.13098 1618.27698 1610.12000 1602.44397 1594.93701 1587.22498 1580.83899 3129.84106 3137.66309 3145.52002 3150.68994 3156.86792 3159.78198 3160.71289 3161.52002 3160.89111
1942.57495 1939.63599 1936.11401 1934.95300 1932.87195 1930.46704 1928.44202 1926.17102 1923.97498 1921.83301 1920.21497 1918.93103 1916.46899 1916.43298 1916.90601 1916.29395 1915.34204 1914.21497 1913.64294 1912.71301 1911.58105 1911.74500 1912.84705 1914.62000 1914.36096 1914.30603 1914.94800 1913.41003 1908.33801 1905.29199 1904.01599 1902.81299 1901.37097 1899.69104 1897.58997 1894.94800 1892.62695 1890.01099 1888.18994 1886.79297 1885.66699 1884.17297 1883.24097 1881.74402 1879.49304 1877.94702 1877.10999 1876.98804 1875.03406 1873.05005 1871.56897 1869.08801 1865.43799 1861.57397 1858.57605 1855.44800 1852.22900
2241.00391 2233.01099 2224.82202 2216.72900 2208.64111 2200.09106 2191.02808 2181.75391 2172.17505 2162.27808 2152.45801 2143.53198 2135.36108 2127.95410 2119.18506 2110.19702 2102.01392 2094.76099 2087.62305 2080.35889 2072.21997 2064.04590 2056.71191 2049.51904 2043.23999 2036.53101 2029.88599 2022.74304 2017.56006 2013.79297 2009.54004 2005.89294 2000.96899 1994.97803 1993.17200 1991.89600 1990.40100 1988.76196 1986.16504 1980.94604 1976.20300 1975.30603 1975.14502 1975.22705 1974.68201 1972.98499 1973.61597 1973.12500 1970.09399 1967.09595 1964.04895 1961.74902 1959.88403 1958.68701 1957.69897 1956.50696 1955.86096
2703.86304 2698.27808 2692.71899 2685.04907 2677.60010 2670.02002 2663.13989 2656.63989 2650.18994 2643.78003 2636.30591 2630.76099 2623.77295 2617.18896 2611.81104 2606.32007 2599.73291 2592.23193 2583.44409 2574.74707 2565.19092 2556.55688 2549.36597 2542.11694 2534.95410 2529.00610 2522.36499 2516.01392 2511.09497 2505.36597 2499.48096 2493.73389 2487.99194 2482.89404 2477.57300 2470.94702 2463.05493 2456.56299 2449.11694 2440.88696 2432.14404 2423.70093 2416.48511 2409.64795 2402.73096 2396.02100 2389.41992 2382.43506 2375.46606 2368.46411 2361.42700 2354.65894 2348.28296 2341.51611 2333.89697 2325.88794 2318.10596
3114.99390 3111.14600 3108.29492 3106.47290 3104.48291 3102.91699 3097.88403 3088.72607 3076.61108 3065.09790 3054.39893 3045.72095 3039.94897 3034.80688 3030.27808 3026.56104 3023.54810 3020.98096 3016.82593 3011.87695 3006.60205 3002.32910 2996.96191 2992.34595 2988.08008 2982.30908 2974.55811 2966.54810 2958.35303 2951.46899 2944.56104 2937.71094 2931.18701 2924.28809 2916.28101 2909.08789 2902.20190 2894.51001 2887.14209 2880.15698 2872.96191 2866.15698 2860.08301 2853.35010 2847.02905 2841.00708 2835.78003 2832.18604 2830.01099 2825.84399 2821.55908 2815.58105 2807.91504 2799.52393 2793.03296 2785.41089 2777.13696
1778.65405 1775.18298 1771.62805 1768.10706 1764.52100 1761.55103 1759.78601 1758.05603 1756.25195 1754.35901 1752.40295 1750.83203 1748.05798 1744.84595 1742.43604 1738.81006 1734.55103 1729.73499 1723.82703 1717.88098 1712.48706 1707.27502 1702.33301 1698.49500 1693.18799 1686.04199 1678.15796 1666.97498 1654.49500 1643.60205 1634.72998 1626.14099 1617.03699 1608.68396 1600.16199 1591.10498 1584.02405 1577.12598 3120.24609 3125.47412 3129.44800 3132.54492 3134.19800 3134.76807 3133.35303 3130.22803 3126.81592 3127.23999 3127.74194 3129.38306 3132.26196 3133.30200 3135.70703 3138.05591 3138.70410 3140.43091 3143.37793
1915.86304 1914.43298 1912.36597 1909.71802 1907.05396 1905.82703 1904.83801 1903.87500 1902.70300 1901.45703 1900.88794 1900.58606 1901.40295 1903.96106 1907.61096 1909.20801 1908.96106 1907.14905 1903.81299 1900.29199 1898.61206 1897.60803 1895.91296 1893.63599 1892.00195 1891.05896 1889.18506 1887.14001 1885.41199 1883.74500 1881.15100 1878.71997 1876.95898 1875.51501 1873.82300 1872.37695 1870.85498 1868.81201 1866.62305 1864.30005 1861.60095 1859.08704 1856.71594 1854.17896 1852.35706 1848.94104 1845.13000 1841.13696 1837.14697 1833.72998 1830.13501 1826.00403 1823.02295 1820.44202 1818.04395 1815.02100 1811.81897
2148.37793 2139.02100 2129.59302 2120.12207 2112.03711 2103.93799 2095.38306 2087.12305 2079.30005 2071.98291 2065.44092 2059.32007 2052.78711 2045.94604 2039.43298 2033.32996 2027.93103 2022.98303 2018.72998 2014.92200 2011.08704 2007.58105 2003.73303 1999.16602 1994.69104 1991.08801 1988.13196 1986.44897 1984.76599 1983.75903 1981.53601 1977.70398 1974.63599 1972.91602 1971.08301 1968.29297 1965.18896 1962.50403 1960.52100 1957.75806 1957.11096 1955.40601 1953.43506 1951.56897 1949.20398 1947.34094 1945.97302 1944.17004 1941.89294 1940.63098 1939.20300 1937.58704 1935.87598 1934.94495 1934.05005 1933.18799 1931.78796
2627.28491 2619.97998 2612.87305 2605.58398 2597.28491 2588.72803 2580.37695 2572.93701 2565.46191 2558.24097 2550.83398 2542.71606 2534.62402 2527.62012 2520.87988 2514.52393 2506.70703 2498.98608 2491.75195 2486.17505 2480.15405 2473.70288 2466.31494 2459.65698 2452.96289 2445.57593 2438.17407 2432.19507 2425.50098 2417.25293 2409.60498 2402.68408 2396.23193 2388.53809 2380.72705 2372.47290 2364.63696 2357.38696 2349.71289 2342.00391 2334.42505 2326.86890 2320.45190 2314.07300 2307.62793 2301.78101 2295.01196 2287.77100 2279.78906 2270.50293 2261.80200 2255.02197 2248.02197 2239.61499 2231.06299 2224.41602 2217.77100
3051.19995 3043.39697 3034.50610 3025.02100 3016.10400 3010.44995 3004.35400 2998.50000 2994.13599 2988.41992 2983.35889 2977.40308 2972.68408 2966.44409 2960.42310 2954.62109 2949.07593 2943.85889 2937.57593 2931.00488 2924.25610 2917.95410 2913.14697 2907.31494 2901.11011 2894.43091 2887.30200 2880.61011 2874.32910 2868.85498 2862.63696 2855.91992 2849.65308 2843.86890 2838.19507 2832.86597 2827.93701 2822.86792 2817.67212 2812.88599 2808.12988 2803.39795 2797.96411 2790.99707 2783.84912 2776.28296 2768.39307 2760.49707 2753.20898 2746.55591 2741.04590 2735.81201 2730.26807 2724.42896 2717.89209 2711.49902 2706.02905
1748.43701 1746.29004 1743.87805 1741.21802 1737.74695 1733.90405 1728.75305 1723.50305 1718.60095 1712.92700 1706.96497 1701.08801 1694.91101 1688.40002 1681.81006 1676.04700 1668.59094 1661.15295 1653.70398 1644.50000 1635.14697 1626.59705 1618.37903 1610.65601 1603.03406 1595.28101 1588.59399 1581.55396 3092.03198 3097.01001 3101.47290 3105.86011 3108.04907 3108.14307 3105.67603 3103.63110 3102.13599 3102.08789 3100.32593 3097.90405 3096.81592 3096.93604 3098.45605 3100.09399 3097.61694 3095.76904 3092.88208 3094.98389 3093.39697 3090.54712 3089.45190 3088.13501 3088.57007 3085.51807 3081.18604 3076.92798 3072.51709
1893.53101 1893.99194 1894.04700 1893.41699 1893.43506 1896.63794 1898.61804 1898.13696 1896.45605 1894.56104 1890.85498 1889.24097 1887.68604 1885.22498 1883.23999 1881.61304 1880.29004 1878.79102 1877.22705 1874.61206 1871.82605 1869.94397 1869.18005 1867.44299 1866.93701 1866.54199 1864.74304 1862.19897 1858.63000 1855.83801 1854.14294 1851.67603 1849.72900 1846.76904 1843.43201 1840.40100 1837.35095 1835.40503 1833.30298 1830.22705 1827.96997 1825.62000 1821.68701 1817.07202 1812.68604 1808.83203 1805.05603 1801.43201 1797.99597 1795.24805 1792.93201 1790.61499 1788.16699 1785.43799 1782.45300 1780.11096 1777.14697
2057.37402 2051.35596 2045.65405 2039.59998 2033.70496 2028.04004 2023.00806 2018.69202 2014.16699 2009.22998 2004.04700 1999.15002 1995.35095 1992.75403 1989.60999 1987.35205 1986.55603 1986.19702 1982.28796 1977.73401 1976.04700 1976.90405 1977.08105 1976.33704 1974.88696 1972.58801 1970.63403 1968.77905 1966.19495 1965.00098 1964.63696 1964.58203 1964.26501 1961.81604 1958.06897 1952.90601 1948.20996 1945.28601 1943.44299 1942.84595 1941.06897 1938.22498 1936.70898 1935.39502 1933.15906 1931.37805 1930.67102 1929.79797 1927.85498 1926.42200 1925.15002 1922.77295 1921.32703 1919.53601 1917.45300 1915.23706 1912.76404
2533.04712 2525.15991 2517.94312 2510.90308 2503.30688 2495.46289 2487.67993 2480.16699 2472.40405 2464.19409 2456.14209 2449.45898 2443.88501 2438.70703 2432.15405 2425.36011 2418.24512 2410.49097 2403.17310 2395.86401 2387.86499 2379.52100 2371.88306 2364.54492 2357.13599 2349.85010 2342.25610 2334.69800 2327.32788 2320.25903 2314.39600 2307.98706 2300.16797 2292.58594 2285.70190 2278.26392 2272.36597 2266.76196 2260.35400 2253.95996 2246.43896 2237.57690 2228.65210 2219.92212 2212.04102 2205.24097 2199.23511 2193.69897 2188.05298 2181.67407 2175.28003 2169.80396 2163.97900 2157.78589 2152.48804 2146.32300 2139.76611
2981.63989 2975.84302 2970.66992 2962.69897 2954.21191 2946.85400 2940.91504 2935.21997 2931.47412 2926.62598 2921.63794 2914.08398 2905.99707 2899.43311 2892.79004 2886.26099 2879.22510 2872.28101 2865.07300 2858.40405 2851.65796 2845.24805 2838.61597 2831.90698 2826.29810 2820.88696 2815.48608 2809.91992 2805.25806 2801.31592 2798.44092 2794.36206 2790.43311 2786.00708 2781.23608 2775.80493 2770.07593 2763.80908 2757.36401 2750.68091 2743.80298 2736.67407 2730.18311 2722.91406 2716.37891 2709.47900 2701.88403 2695.15088 2688.93188 2681.86694 2673.83398 2666.19702 2657.84497 2649.02002 2639.81812 2630.71191 2621.04492
1701.18103 1695.73706 1689.83398 1683.55701 1677.38599 1670.87402 1663.78296 1656.77197 1649.12500 1641.65906 1634.41797 1626.45898 1618.75806 1610.76001 1603.02502 1595.28406 1587.31604 1579.86499 3071.63306 3075.56201 3078.15210 3081.42603 3083.49194 3084.20093 3084.44995 3082.70508 3084.03101 3083.87500 3081.91797 3079.69897 3077.32104 3074.67700 3071.06494 3068.92407 3067.31812 3063.59692 3063.11499 3060.88403 3059.32007 3056.82690 3054.91699 3052.12207 3050.36499 3048.40503 3043.91211 3040.07910 3037.69312 3032.92896 3028.52905 3025.48804 3021.75708 3019.93408 3017.20288 3013.13403 3013.79199 3013.99902 3013.76294
1884.53406 1881.00098 1877.96497 1875.24194 1872.70996 1870.92102 1869.79504 1867.96704 1866.83704 1865.73096 1864.60498 1863.25098 1861.62500 1859.61597 1856.90906 1854.38306 1852.50000 1851.01599 1850.61206 1849.85498 1847.91101 1845.96594 1843.77002 1840.66699 1838.22998 1836.31396 1833.67798 1830.30005 1826.99500 1823.84595 1819.44995 1816.04895 1812.89099 1809.39294 1806.24805 1803.17896 1800.53894 1797.39600 1793.84900 1790.63904 1787.34802 1784.09094 1781.33203 1778.61206 1775.83398 1772.90503 1769.84705 1766.88501 1764.59302 1761.82996 1759.31201 1756.40503 1754.36499 1751.72900 1748.71399 1746.83398 1744.98804
1998.78796 1995.89600 1992.43201 1988.55005 1985.60205 1983.66699 1982.56604 1981.82898 1980.51904 1977.41797 1974.28198 1973.20898 1972.98706 1971.94104 1970.63098 1969.61804 1967.93701 1967.04602 1966.45105 1966.12097 1965.61096 1964.60901 1964.59302 1964.91003 1965.26001 1965.18994 1962.79395 1959.24304 1953.25403 1946.20703 1941.72803 1938.82605 1936.23804 1934.14502 1931.80298 1929.16003 1926.69104 1924.44702 1921.67505 1919.19202 1917.33899 1915.63599 1913.34705 1912.00806 1910.65503 1909.25403 1907.79297 1906.08801 1904.50305 1902.68799 1901.07104 1899.70105 1898.59094 1897.25500 1896.42798 1896.15601 1894.77905
